26,84
26,83
26,82
26,81
26,80
26,79
26,78
26,77
26,76
26,75
26,74
26,73
26,72
26,71
26,70
26,69
26,68
26,67
26,66
26,65
26,64
26,37
29,4
29,1
29,3
26,651
26,647
26,643
26,62
26,60
26,55
26,51
26,49
26,45
26,42
26,41
26,4
26,36
26,35
26,34
26,33
26,32
26,31
26,30
26,29
26,28
26,27
26,26
26,25
26,24
26,23
26,22
26,21
26,20
26,19
26,18
26,17
26,16
26,15
26,14
26,13
26,12
26,11
26,10
26,9
26,8
26,7
26,6
26,648
26,964
26,649
26,3
44,52
44,51
44,50
44,49
44,48
44,47
44,46
44,45
44,44
44,43
44,42
44,41
44,40
44,39
44,38
44,37
44,36
44,35
3,2
3,1
3,3
10,191
10,255
10,237
10,15
10,253
10,5
10,247
10,257
11,21
11,29
11,15
11,27
11,11
11,25
9,5
9,2
8,16
8,10
8,13
8,4
8,2
8,3
32,4
32,3
32,1
26,357
26,356
26,355
26,354
26,353
26,352
26,351
26,350
26,349
26,348
26,347
26,346
26,345
26,344
26,343
26,342
26,341
26,340
26,339
26,338
26,337
26,336
26,335
26,334
26,333
26,332
26,331
26,330
26,329
26,328
26,327
26,326
26,325
26,324
26,323
26,322
26,321
26,320
26,319
26,318
26,317
26,316
26,315
26,314
26,313
26,312
26,311
26,310
26,309
26,308
26,307
26,306
26,305
26,304
26,303
26,302
26,301
26,300
26,299
26,298
26,1
20,3
20,2
20,1
19,3
19,2
19,1
18,1
12,3
18,3
12,2
12,1
11,28
14,1
11,26
14,3
11,19
13,1
11,18
13,3
11,14
11,8
11,1
11,4
11,3
11,2
10,312
10,298
10,254
10,226
10,224
10,178
10,126
10,1
10,110
10,3
10,2
9,7
9,6
2,2
9,4
2,1
9,3
2,3
9,1
8,11
8,9
8,8
8,1
8,5
0,0
44,34
44,33
44,32
44,31
44,30
44,29
44,28
44,27
44,26
44,25
44,24
44,23
44,22
44,21
44,20
44,19
44,18
44,17
44,16
44,15
44,14
44,13
44,12
44,11
44,10
44,9
44,8
44,7
44,6
44,5
44,4
44,3
44,2
44,0
0,276
0,275
0,272
0,271
0,12
0,10
0,8
0,446
0,268
0,445
0,267
0,444
0,266
0,443
0,265
0,442
0,264
0,441
0,263
0,440
0,262
0,439
0,261
0,438
0,260
0,437
0,259
0,436
0,258
0,435
0,257
0,434
0,256
0,433
0,255
0,432
0,254
0,431
0,253
0,430
0,252
26,85
26,86
26,88
26,89
26,91
26,92
26,94
26,96
26,97
26,99
26,100
26,102
